power,memory Used,u_gpu,u_memory
26.87,0.0,0.0,0.0
26.87,0.0,0.0,0.0
26.87,0.0,0.0,0.0
33.69,61.0,1.0,0.0
26.87,0.0,0.0,0.0
26.87,0.0,0.0,0.0
33.69,61.0,1.0,0.0
26.87,0.0,0.0,0.0
26.87,0.0,0.0,0.0
33.69,61.0,1.0,0.0
26.87,0.0,0.0,0.0
26.87,0.0,0.0,0.0
33.69,61.0,1.0,0.0
26.87,0.0,0.0,0.0
33.69,61.0,1.0,0.0
33.69,61.0,1.0,0.0
26.87,0.0,0.0,0.0
33.69,61.0,1.0,0.0
33.69,61.0,1.0,0.0
26.87,0.0,0.0,0.0
33.69,61.0,1.0,0.0
33.69,61.0,1.0,0.0
26.87,0.0,0.0,0.0
33.69,61.0,1.0,0.0
33.69,61.0,1.0,0.0
26.87,0.0,0.0,0.0
33.69,61.0,1.0,0.0
33.69,61.0,1.0,0.0
26.87,0.0,0.0,0.0
33.69,61.0,1.0,0.0
33.69,61.0,1.0,0.0
26.87,0.0,0.0,0.0
33.69,61.0,1.0,0.0
33.69,61.0,1.0,0.0
26.87,0.0,0.0,0.0
33.69,61.0,1.0,0.0
33.69,61.0,1.0,0.0
26.87,0.0,0.0,0.0
33.69,61.0,1.0,0.0
26.87,0.0,0.0,0.0
26.87,0.0,0.0,0.0
33.69,61.0,1.0,0.0
26.87,0.0,0.0,0.0
26.87,0.0,0.0,0.0
33.69,61.0,1.0,0.0
26.87,0.0,0.0,0.0
26.87,0.0,0.0,0.0
33.69,61.0,1.0,0.0
26.87,0.0,0.0,0.0
26.87,0.0,0.0,0.0
33.69,61.0,1.0,0.0
26.87,0.0,0.0,0.0
26.87,0.0,0.0,0.0
33.69,61.0,1.0,0.0
26.87,0.0,0.0,0.0
26.87,0.0,0.0,0.0
33.69,61.0,1.0,0.0
26.87,0.0,0.0,0.0
26.87,0.0,0.0,0.0
33.69,61.0,1.0,0.0
26.87,0.0,0.0,0.0
33.69,61.0,1.0,0.0
33.69,61.0,1.0,0.0
26.87,0.0,0.0,0.0
33.69,61.0,1.0,0.0
33.69,61.0,1.0,0.0
26.87,0.0,0.0,0.0
33.69,61.0,1.0,0.0
33.69,61.0,1.0,0.0
26.87,0.0,0.0,0.0
33.69,61.0,1.0,0.0
33.69,61.0,1.0,0.0
26.87,0.0,0.0,0.0
33.69,61.0,1.0,0.0
33.69,61.0,1.0,0.0
26.87,0.0,0.0,0.0
33.69,61.0,1.0,0.0
33.69,61.0,1.0,0.0
26.87,0.0,0.0,0.0
33.69,61.0,1.0,0.0
33.69,61.0,1.0,0.0
26.87,0.0,0.0,0.0
33.69,61.0,1.0,0.0
33.69,61.0,1.0,0.0
26.87,0.0,0.0,0.0
33.69,61.0,1.0,0.0
26.87,0.0,0.0,0.0
26.87,0.0,0.0,0.0
33.69,61.0,1.0,0.0
26.87,0.0,0.0,0.0
26.87,0.0,0.0,0.0
33.69,61.0,1.0,0.0
26.87,0.0,0.0,0.0
26.87,0.0,0.0,0.0
33.69,61.0,1.0,0.0
26.87,0.0,0.0,0.0
26.87,0.0,0.0,0.0
33.69,61.0,1.0,0.0
26.87,0.0,0.0,0.0
26.87,0.0,0.0,0.0
33.69,61.0,1.0,0.0
26.87,0.0,0.0,0.0
26.87,0.0,0.0,0.0
33.69,61.0,1.0,0.0
26.87,0.0,0.0,0.0
26.87,0.0,0.0,0.0
33.69,61.0,1.0,0.0
26.87,0.0,0.0,0.0
26.87,0.0,0.0,0.0
33.69,61.0,1.0,0.0
26.87,0.0,0.0,0.0
33.69,61.0,1.0,0.0
33.69,61.0,1.0,0.0
26.87,0.0,0.0,0.0
33.69,61.0,1.0,0.0
33.69,61.0,1.0,0.0
26.87,0.0,0.0,0.0
33.69,61.0,1.0,0.0
33.69,61.0,1.0,0.0
26.87,0.0,0.0,0.0
33.69,61.0,1.0,0.0
33.69,61.0,1.0,0.0
26.87,0.0,0.0,0.0
33.69,61.0,1.0,0.0
33.69,61.0,1.0,0.0
26.87,0.0,0.0,0.0
33.69,61.0,1.0,0.0
33.69,61.0,1.0,0.0
26.87,0.0,0.0,0.0
33.69,61.0,1.0,0.0
33.69,61.0,1.0,0.0
26.87,0.0,0.0,0.0
33.69,61.0,1.0,0.0
26.87,0.0,0.0,0.0
26.87,0.0,0.0,0.0
33.69,61.0,1.0,0.0
26.87,0.0,0.0,0.0
26.87,0.0,0.0,0.0
33.69,61.0,1.0,0.0
26.87,0.0,0.0,0.0
26.87,0.0,0.0,0.0
33.69,61.0,1.0,0.0
26.87,0.0,0.0,0.0
26.87,0.0,0.0,0.0
33.69,61.0,1.0,0.0
26.87,0.0,0.0,0.0
26.87,0.0,0.0,0.0
33.69,61.0,1.0,0.0
26.87,0.0,0.0,0.0
26.87,0.0,0.0,0.0
33.69,61.0,1.0,0.0
26.87,0.0,0.0,0.0
26.87,0.0,0.0,0.0
33.69,61.0,1.0,0.0
26.87,0.0,0.0,0.0
26.87,0.0,0.0,0.0
33.69,61.0,1.0,0.0
26.87,0.0,0.0,0.0
33.69,61.0,1.0,0.0
33.69,61.0,1.0,0.0
26.87,0.0,0.0,0.0
33.69,61.0,1.0,0.0
33.69,61.0,1.0,0.0
26.87,0.0,0.0,0.0
33.69,61.0,1.0,0.0
33.69,61.0,1.0,0.0
26.87,0.0,0.0,0.0
33.69,61.0,1.0,0.0
33.69,61.0,1.0,0.0
26.87,0.0,0.0,0.0
33.69,61.0,1.0,0.0
33.69,61.0,1.0,0.0
26.87,0.0,0.0,0.0
33.69,61.0,1.0,0.0
33.69,61.0,1.0,0.0
26.87,0.0,0.0,0.0
33.69,61.0,1.0,0.0
33.69,61.0,1.0,0.0
26.87,0.0,0.0,0.0
33.69,61.0,1.0,0.0
33.69,61.0,1.0,0.0
26.87,0.0,0.0,0.0
33.69,61.0,1.0,0.0
26.87,0.0,0.0,0.0
26.87,0.0,0.0,0.0
33.69,61.0,1.0,0.0
26.87,0.0,0.0,0.0
26.87,0.0,0.0,0.0
33.69,61.0,1.0,0.0
26.87,0.0,0.0,0.0
26.87,0.0,0.0,0.0
33.69,61.0,1.0,0.0
26.87,0.0,0.0,0.0
26.87,0.0,0.0,0.0
33.69,61.0,1.0,0.0
26.87,0.0,0.0,0.0
26.87,0.0,0.0,0.0
33.69,61.0,1.0,0.0
26.87,0.0,0.0,0.0
26.87,0.0,0.0,0.0
33.69,61.0,1.0,0.0
26.87,0.0,0.0,0.0
26.87,0.0,0.0,0.0
33.69,61.0,1.0,0.0
26.87,0.0,0.0,0.0
33.69,61.0,1.0,0.0
33.69,61.0,1.0,0.0
26.87,0.0,0.0,0.0
33.69,61.0,1.0,0.0
33.69,61.0,1.0,0.0
26.87,0.0,0.0,0.0
33.69,61.0,1.0,0.0
33.69,61.0,1.0,0.0
26.87,0.0,0.0,0.0
33.69,61.0,1.0,0.0
33.69,61.0,1.0,0.0
26.87,0.0,0.0,0.0
33.69,61.0,1.0,0.0
33.69,61.0,1.0,0.0
26.87,0.0,0.0,0.0
33.69,61.0,1.0,0.0
33.69,61.0,1.0,0.0
26.87,0.0,0.0,0.0
33.69,61.0,1.0,0.0
33.69,61.0,1.0,0.0
26.87,0.0,0.0,0.0
33.69,61.0,1.0,0.0
33.69,61.0,1.0,0.0
26.87,0.0,0.0,0.0
33.69,61.0,1.0,0.0
26.87,0.0,0.0,0.0
26.87,0.0,0.0,0.0
33.69,61.0,1.0,0.0
26.87,0.0,0.0,0.0
26.87,0.0,0.0,0.0
33.69,61.0,1.0,0.0
26.87,0.0,0.0,0.0
26.87,0.0,0.0,0.0
33.69,61.0,1.0,0.0
26.87,0.0,0.0,0.0
26.87,0.0,0.0,0.0
33.69,61.0,1.0,0.0
26.87,0.0,0.0,0.0
26.87,0.0,0.0,0.0
33.69,61.0,1.0,0.0
26.87,0.0,0.0,0.0
26.87,0.0,0.0,0.0
33.69,61.0,1.0,0.0
26.87,0.0,0.0,0.0
26.87,0.0,0.0,0.0
33.69,61.0,1.0,0.0
26.87,0.0,0.0,0.0
26.87,0.0,0.0,0.0
33.69,61.0,1.0,0.0
26.87,0.0,0.0,0.0
33.69,61.0,1.0,0.0
33.69,61.0,1.0,0.0
26.87,0.0,0.0,0.0
33.69,61.0,1.0,0.0
33.69,61.0,1.0,0.0
26.87,0.0,0.0,0.0
33.69,61.0,1.0,0.0
33.69,61.0,1.0,0.0
26.87,0.0,0.0,0.0
33.69,61.0,1.0,0.0
33.69,61.0,1.0,0.0
26.87,0.0,0.0,0.0
33.69,61.0,1.0,0.0
33.69,61.0,1.0,0.0
26.87,0.0,0.0,0.0
33.69,61.0,1.0,0.0
33.69,61.0,1.0,0.0
26.87,0.0,0.0,0.0
33.69,61.0,1.0,0.0
33.69,61.0,1.0,0.0
26.87,0.0,0.0,0.0
33.69,61.0,1.0,0.0
26.87,0.0,0.0,0.0
26.87,0.0,0.0,0.0
33.69,61.0,1.0,0.0
26.87,0.0,0.0,0.0
26.87,0.0,0.0,0.0
33.69,61.0,1.0,0.0
26.87,0.0,0.0,0.0
26.87,0.0,0.0,0.0
33.69,61.0,1.0,0.0
26.87,0.0,0.0,0.0
26.87,0.0,0.0,0.0
33.69,61.0,1.0,0.0
26.87,0.0,0.0,0.0
26.87,0.0,0.0,0.0
33.69,61.0,1.0,0.0
26.87,0.0,0.0,0.0
26.87,0.0,0.0,0.0
33.69,61.0,1.0,0.0
26.87,0.0,0.0,0.0
26.87,0.0,0.0,0.0
33.69,61.0,1.0,0.0
26.87,0.0,0.0,0.0
26.87,0.0,0.0,0.0
33.69,61.0,1.0,0.0
26.87,0.0,0.0,0.0
33.69,61.0,1.0,0.0
33.69,61.0,1.0,0.0
26.87,0.0,0.0,0.0
33.69,61.0,1.0,0.0
33.69,61.0,1.0,0.0
26.87,0.0,0.0,0.0
33.69,61.0,1.0,0.0
33.69,61.0,1.0,0.0
26.87,0.0,0.0,0.0
33.69,61.0,1.0,0.0
33.69,61.0,1.0,0.0
26.87,0.0,0.0,0.0
33.69,61.0,1.0,0.0
33.69,61.0,1.0,0.0
26.87,0.0,0.0,0.0
33.69,61.0,1.0,0.0
33.69,61.0,1.0,0.0
26.87,0.0,0.0,0.0
33.69,61.0,1.0,0.0
33.69,61.0,1.0,0.0
26.87,0.0,0.0,0.0
33.69,61.0,1.0,0.0
33.69,61.0,1.0,0.0
26.87,0.0,0.0,0.0
33.69,61.0,1.0,0.0
26.87,0.0,0.0,0.0
26.87,0.0,0.0,0.0
33.69,61.0,1.0,0.0
26.87,0.0,0.0,0.0
26.87,0.0,0.0,0.0
33.69,61.0,1.0,0.0
26.87,0.0,0.0,0.0
26.87,0.0,0.0,0.0
33.69,61.0,1.0,0.0
26.87,0.0,0.0,0.0
26.87,0.0,0.0,0.0
33.69,61.0,1.0,0.0
26.87,0.0,0.0,0.0
26.87,0.0,0.0,0.0
33.69,61.0,1.0,0.0
26.87,0.0,0.0,0.0
26.87,0.0,0.0,0.0
33.69,61.0,1.0,0.0
26.87,0.0,0.0,0.0
26.87,0.0,0.0,0.0
33.69,61.0,1.0,0.0
26.87,0.0,0.0,0.0
33.69,61.0,1.0,0.0
33.69,61.0,1.0,0.0
26.87,0.0,0.0,0.0
33.69,61.0,1.0,0.0
33.69,61.0,1.0,0.0
26.87,0.0,0.0,0.0
33.69,61.0,1.0,0.0
33.69,61.0,1.0,0.0
26.87,0.0,0.0,0.0
33.69,61.0,1.0,0.0
33.69,61.0,1.0,0.0
26.87,0.0,0.0,0.0
33.69,61.0,1.0,0.0
33.69,61.0,1.0,0.0
26.87,0.0,0.0,0.0
33.69,61.0,1.0,0.0
33.69,61.0,1.0,0.0
26.87,0.0,0.0,0.0
33.69,61.0,1.0,0.0
33.69,61.0,1.0,0.0
26.87,0.0,0.0,0.0
33.69,61.0,1.0,0.0
33.69,61.0,1.0,0.0
26.87,0.0,0.0,0.0
33.69,61.0,1.0,0.0
26.87,0.0,0.0,0.0
26.87,0.0,0.0,0.0
33.69,61.0,1.0,0.0
26.87,0.0,0.0,0.0
26.87,0.0,0.0,0.0
33.69,61.0,1.0,0.0
26.87,0.0,0.0,0.0
26.87,0.0,0.0,0.0
33.69,61.0,1.0,0.0
26.87,0.0,0.0,0.0
26.87,0.0,0.0,0.0
33.69,61.0,1.0,0.0
26.87,0.0,0.0,0.0
26.87,0.0,0.0,0.0
33.69,61.0,1.0,0.0
26.87,0.0,0.0,0.0
26.87,0.0,0.0,0.0
33.69,61.0,1.0,0.0
26.87,0.0,0.0,0.0
26.87,0.0,0.0,0.0
33.69,61.0,1.0,0.0
26.87,0.0,0.0,0.0
26.87,0.0,0.0,0.0
33.69,61.0,1.0,0.0
26.87,0.0,0.0,0.0
33.69,61.0,1.0,0.0
33.69,61.0,1.0,0.0
26.87,0.0,0.0,0.0
33.69,61.0,1.0,0.0
33.69,61.0,1.0,0.0
26.87,0.0,0.0,0.0
33.69,61.0,1.0,0.0
33.69,61.0,1.0,0.0
26.87,0.0,0.0,0.0
33.69,61.0,1.0,0.0
33.69,61.0,1.0,0.0
26.87,0.0,0.0,0.0
33.69,61.0,1.0,0.0
33.69,61.0,1.0,0.0
26.87,0.0,0.0,0.0
33.69,61.0,1.0,0.0
33.69,61.0,1.0,0.0
26.87,0.0,0.0,0.0
33.69,61.0,1.0,0.0
33.69,61.0,1.0,0.0
26.87,0.0,0.0,0.0
33.69,61.0,1.0,0.0
26.87,0.0,0.0,0.0
26.87,0.0,0.0,0.0
33.69,61.0,1.0,0.0
26.87,0.0,0.0,0.0
26.87,0.0,0.0,0.0
33.69,61.0,1.0,0.0
26.87,0.0,0.0,0.0
26.87,0.0,0.0,0.0
33.69,61.0,1.0,0.0
26.87,0.0,0.0,0.0
26.87,0.0,0.0,0.0
33.69,61.0,1.0,0.0
26.87,0.0,0.0,0.0
26.87,0.0,0.0,0.0
33.69,61.0,1.0,0.0
26.87,0.0,0.0,0.0
26.87,0.0,0.0,0.0
33.69,61.0,1.0,0.0
26.87,0.0,0.0,0.0
26.87,0.0,0.0,0.0
33.69,61.0,1.0,0.0
26.87,0.0,0.0,0.0
26.87,0.0,0.0,0.0
33.69,61.0,1.0,0.0
26.87,0.0,0.0,0.0
33.69,61.0,1.0,0.0
33.69,61.0,1.0,0.0
26.87,0.0,0.0,0.0
33.69,61.0,1.0,0.0
33.69,61.0,1.0,0.0
26.87,0.0,0.0,0.0
33.69,61.0,1.0,0.0
33.69,61.0,1.0,0.0
26.87,0.0,0.0,0.0
33.69,61.0,1.0,0.0
33.69,61.0,1.0,0.0
26.87,0.0,0.0,0.0
33.69,61.0,1.0,0.0
33.69,61.0,1.0,0.0
26.87,0.0,0.0,0.0
33.69,61.0,1.0,0.0
33.69,61.0,1.0,0.0
26.87,0.0,0.0,0.0
33.69,61.0,1.0,0.0
33.69,61.0,1.0,0.0
26.87,0.0,0.0,0.0
33.69,61.0,1.0,0.0
33.69,61.0,1.0,0.0
26.87,0.0,0.0,0.0
33.69,61.0,1.0,0.0
26.87,0.0,0.0,0.0
26.87,0.0,0.0,0.0
33.69,61.0,1.0,0.0
26.87,0.0,0.0,0.0
26.87,0.0,0.0,0.0
33.69,61.0,1.0,0.0
26.87,0.0,0.0,0.0
26.87,0.0,0.0,0.0
33.69,61.0,1.0,0.0
26.87,0.0,0.0,0.0
26.87,0.0,0.0,0.0
33.69,61.0,1.0,0.0
26.87,0.0,0.0,0.0
26.87,0.0,0.0,0.0
33.69,61.0,1.0,0.0
26.87,0.0,0.0,0.0
26.87,0.0,0.0,0.0
33.69,61.0,1.0,0.0
26.87,0.0,0.0,0.0
26.87,0.0,0.0,0.0
33.69,61.0,1.0,0.0
26.87,0.0,0.0,0.0
33.69,61.0,1.0,0.0
33.69,61.0,1.0,0.0
26.87,0.0,0.0,0.0
33.69,61.0,1.0,0.0
33.69,61.0,1.0,0.0
26.87,0.0,0.0,0.0
33.69,61.0,1.0,0.0
33.69,61.0,1.0,0.0
26.87,0.0,0.0,0.0
33.69,61.0,1.0,0.0
33.69,61.0,1.0,0.0
26.87,0.0,0.0,0.0
33.69,61.0,1.0,0.0
33.69,61.0,1.0,0.0
26.87,0.0,0.0,0.0
33.69,61.0,1.0,0.0
33.69,61.0,1.0,0.0
26.87,0.0,0.0,0.0
33.69,61.0,1.0,0.0
33.69,61.0,1.0,0.0
26.87,0.0,0.0,0.0
33.69,61.0,1.0,0.0
33.69,61.0,1.0,0.0
26.87,0.0,0.0,0.0
33.69,61.0,1.0,0.0
26.87,0.0,0.0,0.0
26.87,0.0,0.0,0.0
33.69,61.0,1.0,0.0
26.87,0.0,0.0,0.0
26.87,0.0,0.0,0.0
33.69,61.0,1.0,0.0
26.87,0.0,0.0,0.0
26.87,0.0,0.0,0.0
33.69,61.0,1.0,0.0
26.87,0.0,0.0,0.0
26.87,0.0,0.0,0.0
33.69,61.0,1.0,0.0
26.87,0.0,0.0,0.0
26.87,0.0,0.0,0.0
33.69,61.0,1.0,0.0
26.87,0.0,0.0,0.0
26.87,0.0,0.0,0.0
33.69,61.0,1.0,0.0
26.87,0.0,0.0,0.0
26.87,0.0,0.0,0.0
33.69,61.0,1.0,0.0
26.87,0.0,0.0,0.0
26.87,0.0,0.0,0.0
33.69,61.0,1.0,0.0
26.87,0.0,0.0,0.0
33.69,61.0,1.0,0.0
33.69,61.0,1.0,0.0
26.87,0.0,0.0,0.0
33.69,61.0,1.0,0.0
33.69,61.0,1.0,0.0
26.87,0.0,0.0,0.0
33.69,61.0,1.0,0.0
33.69,61.0,1.0,0.0
26.87,0.0,0.0,0.0
33.69,61.0,1.0,0.0
33.69,61.0,1.0,0.0
26.87,0.0,0.0,0.0
33.69,61.0,1.0,0.0
33.69,61.0,1.0,0.0
26.87,0.0,0.0,0.0
33.69,61.0,1.0,0.0
33.69,61.0,1.0,0.0
26.87,0.0,0.0,0.0
33.69,61.0,1.0,0.0
33.69,61.0,1.0,0.0
26.87,0.0,0.0,0.0
33.69,61.0,1.0,0.0
26.87,0.0,0.0,0.0
26.87,0.0,0.0,0.0
33.69,61.0,1.0,0.0
26.87,0.0,0.0,0.0
26.87,0.0,0.0,0.0
33.69,61.0,1.0,0.0
26.87,0.0,0.0,0.0
26.87,0.0,0.0,0.0
33.69,61.0,1.0,0.0
26.87,0.0,0.0,0.0
26.87,0.0,0.0,0.0
33.69,61.0,1.0,0.0
26.87,0.0,0.0,0.0
26.87,0.0,0.0,0.0
33.69,61.0,1.0,0.0
26.87,0.0,0.0,0.0
26.87,0.0,0.0,0.0
33.69,61.0,1.0,0.0
26.87,0.0,0.0,0.0
26.87,0.0,0.0,0.0
33.69,61.0,1.0,0.0
26.87,0.0,0.0,0.0
26.87,0.0,0.0,0.0
33.69,61.0,1.0,0.0
26.87,0.0,0.0,0.0
33.69,61.0,1.0,0.0
33.69,61.0,1.0,0.0
26.87,0.0,0.0,0.0
33.69,61.0,1.0,0.0
33.69,61.0,1.0,0.0
26.87,0.0,0.0,0.0
33.69,61.0,1.0,0.0
33.69,61.0,1.0,0.0
26.87,0.0,0.0,0.0
33.69,61.0,1.0,0.0
33.69,61.0,1.0,0.0
26.87,0.0,0.0,0.0
33.69,61.0,1.0,0.0
33.69,61.0,1.0,0.0
26.87,0.0,0.0,0.0
33.69,61.0,1.0,0.0
33.69,61.0,1.0,0.0
26.87,0.0,0.0,0.0
33.69,61.0,1.0,0.0
33.69,61.0,1.0,0.0
26.87,0.0,0.0,0.0
33.69,61.0,1.0,0.0
33.69,61.0,1.0,0.0
26.87,0.0,0.0,0.0
33.69,61.0,1.0,0.0
26.87,0.0,0.0,0.0
26.87,0.0,0.0,0.0
33.69,61.0,1.0,0.0
26.87,0.0,0.0,0.0
26.87,0.0,0.0,0.0
33.69,61.0,1.0,0.0
26.87,0.0,0.0,0.0
26.87,0.0,0.0,0.0
33.69,61.0,1.0,0.0
26.87,0.0,0.0,0.0
26.87,0.0,0.0,0.0
33.69,61.0,1.0,0.0
26.87,0.0,0.0,0.0
26.87,0.0,0.0,0.0
33.69,61.0,1.0,0.0
26.87,0.0,0.0,0.0
26.87,0.0,0.0,0.0
33.69,61.0,1.0,0.0
26.87,0.0,0.0,0.0
26.87,0.0,0.0,0.0
33.69,61.0,1.0,0.0
26.87,0.0,0.0,0.0
33.69,61.0,1.0,0.0
33.69,61.0,1.0,0.0
26.87,0.0,0.0,0.0
33.69,61.0,1.0,0.0
33.69,61.0,1.0,0.0
26.87,0.0,0.0,0.0
33.69,61.0,1.0,0.0
33.69,61.0,1.0,0.0
26.87,0.0,0.0,0.0
33.69,61.0,1.0,0.0
33.69,61.0,1.0,0.0
26.87,0.0,0.0,0.0
33.69,61.0,1.0,0.0
33.69,61.0,1.0,0.0
26.87,0.0,0.0,0.0
33.69,61.0,1.0,0.0
33.69,61.0,1.0,0.0
26.87,0.0,0.0,0.0
33.69,61.0,1.0,0.0
33.69,61.0,1.0,0.0
26.87,0.0,0.0,0.0
33.69,61.0,1.0,0.0
33.69,61.0,1.0,0.0
26.87,0.0,0.0,0.0
33.69,61.0,1.0,0.0
26.87,0.0,0.0,0.0
26.87,0.0,0.0,0.0
33.69,61.0,1.0,0.0
26.87,0.0,0.0,0.0
26.87,0.0,0.0,0.0
33.69,61.0,1.0,0.0
26.87,0.0,0.0,0.0
26.87,0.0,0.0,0.0
33.69,61.0,1.0,0.0
26.87,0.0,0.0,0.0
26.87,0.0,0.0,0.0
33.69,61.0,1.0,0.0
26.87,0.0,0.0,0.0
26.87,0.0,0.0,0.0
33.69,61.0,1.0,0.0
26.87,0.0,0.0,0.0
26.87,0.0,0.0,0.0
33.69,61.0,1.0,0.0
26.87,0.0,0.0,0.0
26.87,0.0,0.0,0.0
33.69,61.0,1.0,0.0
26.87,0.0,0.0,0.0
26.87,0.0,0.0,0.0
33.69,61.0,1.0,0.0
26.87,0.0,0.0,0.0
33.69,61.0,1.0,0.0
33.69,61.0,1.0,0.0
26.87,0.0,0.0,0.0
33.69,61.0,1.0,0.0
33.69,61.0,1.0,0.0
26.87,0.0,0.0,0.0
33.69,61.0,1.0,0.0
33.69,61.0,1.0,0.0
26.87,0.0,0.0,0.0
33.69,61.0,1.0,0.0
33.69,61.0,1.0,0.0
26.87,0.0,0.0,0.0
33.69,61.0,1.0,0.0
33.69,61.0,1.0,0.0
26.87,0.0,0.0,0.0
33.69,61.0,1.0,0.0
33.69,61.0,1.0,0.0
26.87,0.0,0.0,0.0
33.69,61.0,1.0,0.0
33.69,61.0,1.0,0.0
26.87,0.0,0.0,0.0
33.69,61.0,1.0,0.0
26.87,0.0,0.0,0.0
26.87,0.0,0.0,0.0
33.69,61.0,1.0,0.0
26.87,0.0,0.0,0.0
26.87,0.0,0.0,0.0
33.69,61.0,1.0,0.0
26.87,0.0,0.0,0.0
26.87,0.0,0.0,0.0
33.69,61.0,1.0,0.0
26.87,0.0,0.0,0.0
26.87,0.0,0.0,0.0
33.69,61.0,1.0,0.0
26.87,0.0,0.0,0.0
26.87,0.0,0.0,0.0
33.69,61.0,1.0,0.0
26.87,0.0,0.0,0.0
26.87,0.0,0.0,0.0
33.69,61.0,1.0,0.0
26.87,0.0,0.0,0.0
26.87,0.0,0.0,0.0
33.69,61.0,1.0,0.0
26.87,0.0,0.0,0.0
26.87,0.0,0.0,0.0
33.69,61.0,1.0,0.0
26.87,0.0,0.0,0.0
33.69,61.0,1.0,0.0
33.69,61.0,1.0,0.0
26.87,0.0,0.0,0.0
33.69,61.0,1.0,0.0
33.69,61.0,1.0,0.0
26.87,0.0,0.0,0.0
33.69,61.0,1.0,0.0
33.69,61.0,1.0,0.0
26.87,0.0,0.0,0.0
33.69,61.0,1.0,0.0
33.69,61.0,1.0,0.0
26.87,0.0,0.0,0.0
33.69,61.0,1.0,0.0
33.69,61.0,1.0,0.0
26.87,0.0,0.0,0.0
33.69,61.0,1.0,0.0
33.69,61.0,1.0,0.0
26.87,0.0,0.0,0.0
33.69,61.0,1.0,0.0
33.69,61.0,1.0,0.0
26.87,0.0,0.0,0.0
33.69,61.0,1.0,0.0
33.69,61.0,1.0,0.0
26.87,0.0,0.0,0.0
33.69,61.0,1.0,0.0
26.87,0.0,0.0,0.0
26.87,0.0,0.0,0.0
33.69,61.0,1.0,0.0
26.87,0.0,0.0,0.0
26.87,0.0,0.0,0.0
33.69,61.0,1.0,0.0
26.87,0.0,0.0,0.0
26.87,0.0,0.0,0.0
33.69,61.0,1.0,0.0
26.87,0.0,0.0,0.0
26.87,0.0,0.0,0.0
33.69,61.0,1.0,0.0
26.87,0.0,0.0,0.0
26.87,0.0,0.0,0.0
33.69,61.0,1.0,0.0
26.87,0.0,0.0,0.0
26.87,0.0,0.0,0.0
33.69,61.0,1.0,0.0
26.87,0.0,0.0,0.0
26.87,0.0,0.0,0.0
33.69,61.0,1.0,0.0
26.87,0.0,0.0,0.0
33.69,61.0,1.0,0.0
33.69,61.0,1.0,0.0
26.87,0.0,0.0,0.0
33.69,61.0,1.0,0.0
33.69,61.0,1.0,0.0
26.87,0.0,0.0,0.0
33.69,61.0,1.0,0.0
33.69,61.0,1.0,0.0
26.87,0.0,0.0,0.0
33.69,61.0,1.0,0.0
33.69,61.0,1.0,0.0
26.87,0.0,0.0,0.0
33.69,61.0,1.0,0.0
33.69,61.0,1.0,0.0
26.87,0.0,0.0,0.0
33.69,61.0,1.0,0.0
33.69,61.0,1.0,0.0
26.87,0.0,0.0,0.0
33.69,61.0,1.0,0.0
33.69,61.0,1.0,0.0
26.87,0.0,0.0,0.0
33.69,61.0,1.0,0.0
33.69,61.0,1.0,0.0
26.87,0.0,0.0,0.0
33.69,61.0,1.0,0.0
26.87,0.0,0.0,0.0
26.87,0.0,0.0,0.0
33.69,61.0,1.0,0.0
26.87,0.0,0.0,0.0
26.87,0.0,0.0,0.0
33.69,61.0,1.0,0.0
26.87,0.0,0.0,0.0
26.87,0.0,0.0,0.0
33.69,61.0,1.0,0.0
26.87,0.0,0.0,0.0
26.87,0.0,0.0,0.0
33.69,61.0,1.0,0.0
26.87,0.0,0.0,0.0
26.87,0.0,0.0,0.0
33.69,61.0,1.0,0.0
26.87,0.0,0.0,0.0
26.87,0.0,0.0,0.0
33.69,61.0,1.0,0.0
26.87,0.0,0.0,0.0
26.87,0.0,0.0,0.0
33.69,61.0,1.0,0.0
26.87,0.0,0.0,0.0
26.87,0.0,0.0,0.0
33.69,61.0,1.0,0.0
26.87,0.0,0.0,0.0
33.69,61.0,1.0,0.0
33.69,61.0,1.0,0.0
26.87,0.0,0.0,0.0
33.69,61.0,1.0,0.0
33.69,61.0,1.0,0.0
26.87,0.0,0.0,0.0
33.69,61.0,1.0,0.0
33.69,61.0,1.0,0.0
26.87,0.0,0.0,0.0
33.69,61.0,1.0,0.0
33.69,61.0,1.0,0.0
26.87,0.0,0.0,0.0
33.69,61.0,1.0,0.0
33.69,61.0,1.0,0.0
26.87,0.0,0.0,0.0
33.69,61.0,1.0,0.0
33.69,61.0,1.0,0.0
26.87,0.0,0.0,0.0
33.69,61.0,1.0,0.0
33.69,61.0,1.0,0.0
26.87,0.0,0.0,0.0
33.69,61.0,1.0,0.0
26.87,0.0,0.0,0.0
26.87,0.0,0.0,0.0
33.69,61.0,1.0,0.0
26.87,0.0,0.0,0.0
26.87,0.0,0.0,0.0
33.69,61.0,1.0,0.0
26.87,0.0,0.0,0.0
26.87,0.0,0.0,0.0
33.69,61.0,1.0,0.0
26.87,0.0,0.0,0.0
26.87,0.0,0.0,0.0
33.69,61.0,1.0,0.0
26.87,0.0,0.0,0.0
26.87,0.0,0.0,0.0
33.69,61.0,1.0,0.0
26.87,0.0,0.0,0.0
26.87,0.0,0.0,0.0
33.69,61.0,1.0,0.0
26.87,0.0,0.0,0.0
26.87,0.0,0.0,0.0
33.69,61.0,1.0,0.0
26.87,0.0,0.0,0.0
26.87,0.0,0.0,0.0
33.69,61.0,1.0,0.0
26.87,0.0,0.0,0.0
33.69,61.0,1.0,0.0
33.69,61.0,1.0,0.0
26.87,0.0,0.0,0.0
33.69,61.0,1.0,0.0
33.69,61.0,1.0,0.0
26.87,0.0,0.0,0.0
33.69,61.0,1.0,0.0
33.69,61.0,1.0,0.0
26.87,0.0,0.0,0.0
33.69,61.0,1.0,0.0
33.69,61.0,1.0,0.0
26.87,0.0,0.0,0.0
33.69,61.0,1.0,0.0
33.69,61.0,1.0,0.0
26.87,0.0,0.0,0.0
33.69,61.0,1.0,0.0
33.69,61.0,1.0,0.0
26.87,0.0,0.0,0.0
33.69,61.0,1.0,0.0
33.69,61.0,1.0,0.0
26.87,0.0,0.0,0.0
33.69,61.0,1.0,0.0
33.69,61.0,1.0,0.0
26.87,0.0,0.0,0.0
33.69,61.0,1.0,0.0
26.87,0.0,0.0,0.0
26.87,0.0,0.0,0.0
33.69,61.0,1.0,0.0
26.87,0.0,0.0,0.0
26.87,0.0,0.0,0.0
33.69,61.0,1.0,0.0
26.87,0.0,0.0,0.0
26.87,0.0,0.0,0.0
33.69,61.0,1.0,0.0
26.87,0.0,0.0,0.0
26.87,0.0,0.0,0.0
33.69,61.0,1.0,0.0
26.87,0.0,0.0,0.0
26.87,0.0,0.0,0.0
33.69,61.0,1.0,0.0
26.87,0.0,0.0,0.0
26.87,0.0,0.0,0.0
33.69,61.0,1.0,0.0
26.87,0.0,0.0,0.0
26.87,0.0,0.0,0.0
33.69,61.0,1.0,0.0
26.87,0.0,0.0,0.0
33.69,61.0,1.0,0.0
33.69,61.0,1.0,0.0
26.87,0.0,0.0,0.0
33.69,61.0,1.0,0.0
33.69,61.0,1.0,0.0
26.87,0.0,0.0,0.0
33.69,61.0,1.0,0.0
33.69,61.0,1.0,0.0
26.87,0.0,0.0,0.0
33.69,61.0,1.0,0.0
33.69,61.0,1.0,0.0
26.87,0.0,0.0,0.0
33.69,61.0,1.0,0.0
33.69,61.0,1.0,0.0
26.87,0.0,0.0,0.0
33.69,61.0,1.0,0.0
33.69,61.0,1.0,0.0
26.87,0.0,0.0,0.0
33.69,61.0,1.0,0.0
33.69,61.0,1.0,0.0
26.87,0.0,0.0,0.0
33.69,61.0,1.0,0.0
33.69,61.0,1.0,0.0
26.87,0.0,0.0,0.0
33.69,61.0,1.0,0.0
26.87,0.0,0.0,0.0
26.87,0.0,0.0,0.0
33.69,61.0,1.0,0.0
26.87,0.0,0.0,0.0
26.87,0.0,0.0,0.0
33.69,61.0,1.0,0.0
26.87,0.0,0.0,0.0
26.87,0.0,0.0,0.0
33.69,61.0,1.0,0.0
26.87,0.0,0.0,0.0
26.87,0.0,0.0,0.0
33.69,61.0,1.0,0.0
26.87,0.0,0.0,0.0
26.87,0.0,0.0,0.0
33.69,61.0,1.0,0.0
26.87,0.0,0.0,0.0
26.87,0.0,0.0,0.0
33.69,61.0,1.0,0.0
26.87,0.0,0.0,0.0
26.87,0.0,0.0,0.0
33.69,61.0,1.0,0.0
26.87,0.0,0.0,0.0
26.87,0.0,0.0,0.0
33.69,61.0,1.0,0.0
26.87,0.0,0.0,0.0
33.69,61.0,1.0,0.0
33.69,61.0,1.0,0.0
26.87,0.0,0.0,0.0
33.69,61.0,1.0,0.0
33.69,61.0,1.0,0.0
26.87,0.0,0.0,0.0
33.69,61.0,1.0,0.0
33.69,61.0,1.0,0.0
26.87,0.0,0.0,0.0
33.69,61.0,1.0,0.0
33.69,61.0,1.0,0.0
26.87,0.0,0.0,0.0
33.69,61.0,1.0,0.0
33.69,61.0,1.0,0.0
26.87,0.0,0.0,0.0
33.69,61.0,1.0,0.0
33.69,61.0,1.0,0.0
26.87,0.0,0.0,0.0
33.69,61.0,1.0,0.0
33.69,61.0,1.0,0.0
26.87,0.0,0.0,0.0
33.69,61.0,1.0,0.0
26.87,0.0,0.0,0.0
26.87,0.0,0.0,0.0
33.69,61.0,1.0,0.0
26.87,0.0,0.0,0.0
26.87,0.0,0.0,0.0
33.69,61.0,1.0,0.0
26.87,0.0,0.0,0.0
26.87,0.0,0.0,0.0
33.69,61.0,1.0,0.0
26.87,0.0,0.0,0.0
26.87,0.0,0.0,0.0
33.69,61.0,1.0,0.0
26.87,0.0,0.0,0.0
26.87,0.0,0.0,0.0
33.69,61.0,1.0,0.0
26.87,0.0,0.0,0.0
26.87,0.0,0.0,0.0
33.69,61.0,1.0,0.0
26.87,0.0,0.0,0.0
26.87,0.0,0.0,0.0
33.69,61.0,1.0,0.0
26.87,0.0,0.0,0.0
26.87,0.0,0.0,0.0
33.69,61.0,1.0,0.0
26.87,0.0,0.0,0.0
33.69,61.0,1.0,0.0
33.69,61.0,1.0,0.0
26.87,0.0,0.0,0.0
33.69,61.0,1.0,0.0
33.69,61.0,1.0,0.0
26.87,0.0,0.0,0.0
33.69,61.0,1.0,0.0
33.69,61.0,1.0,0.0
26.87,0.0,0.0,0.0
33.69,61.0,1.0,0.0
33.69,61.0,1.0,0.0
26.87,0.0,0.0,0.0
33.69,61.0,1.0,0.0
33.69,61.0,1.0,0.0
26.87,0.0,0.0,0.0
33.69,61.0,1.0,0.0
33.69,61.0,1.0,0.0
26.87,0.0,0.0,0.0
33.69,61.0,1.0,0.0
33.69,61.0,1.0,0.0
26.87,0.0,0.0,0.0
33.69,61.0,1.0,0.0
33.69,61.0,1.0,0.0
26.87,0.0,0.0,0.0
33.69,61.0,1.0,0.0
26.87,0.0,0.0,0.0
26.87,0.0,0.0,0.0
33.69,61.0,1.0,0.0
26.87,0.0,0.0,0.0
26.87,0.0,0.0,0.0
33.69,61.0,1.0,0.0
26.87,0.0,0.0,0.0
26.87,0.0,0.0,0.0
33.69,61.0,1.0,0.0
26.87,0.0,0.0,0.0
26.87,0.0,0.0,0.0
33.69,61.0,1.0,0.0
26.87,0.0,0.0,0.0
26.87,0.0,0.0,0.0
33.69,61.0,1.0,0.0
26.87,0.0,0.0,0.0
26.87,0.0,0.0,0.0
33.69,61.0,1.0,0.0
26.87,0.0,0.0,0.0
26.87,0.0,0.0,0.0
33.69,61.0,1.0,0.0
26.87,0.0,0.0,0.0
33.69,61.0,1.0,0.0
33.69,61.0,1.0,0.0
26.87,0.0,0.0,0.0
33.69,61.0,1.0,0.0
33.69,61.0,1.0,0.0
26.87,0.0,0.0,0.0
33.69,61.0,1.0,0.0
33.69,61.0,1.0,0.0
26.87,0.0,0.0,0.0
33.69,61.0,1.0,0.0
33.69,61.0,1.0,0.0
26.87,0.0,0.0,0.0
33.69,61.0,1.0,0.0
33.69,61.0,1.0,0.0
26.87,0.0,0.0,0.0
33.69,61.0,1.0,0.0
33.69,61.0,1.0,0.0
26.87,0.0,0.0,0.0
33.69,61.0,1.0,0.0
33.69,61.0,1.0,0.0
26.87,0.0,0.0,0.0
33.69,61.0,1.0,0.0
33.69,61.0,1.0,0.0
26.87,0.0,0.0,0.0
33.69,61.0,1.0,0.0
26.87,0.0,0.0,0.0
26.87,0.0,0.0,0.0
33.69,61.0,1.0,0.0
26.87,0.0,0.0,0.0
26.87,0.0,0.0,0.0
33.69,61.0,1.0,0.0
26.87,0.0,0.0,0.0
26.87,0.0,0.0,0.0
33.69,61.0,1.0,0.0
26.87,0.0,0.0,0.0
26.87,0.0,0.0,0.0
33.69,61.0,1.0,0.0
26.87,0.0,0.0,0.0
26.87,0.0,0.0,0.0
33.69,61.0,1.0,0.0
26.87,0.0,0.0,0.0
26.87,0.0,0.0,0.0
33.69,61.0,1.0,0.0
26.87,0.0,0.0,0.0
26.87,0.0,0.0,0.0
33.69,61.0,1.0,0.0
26.87,0.0,0.0,0.0
26.87,0.0,0.0,0.0
33.69,61.0,1.0,0.0
26.87,0.0,0.0,0.0
33.69,61.0,1.0,0.0
33.69,61.0,1.0,0.0
26.87,0.0,0.0,0.0
33.69,61.0,1.0,0.0
33.69,61.0,1.0,0.0
26.87,0.0,0.0,0.0
33.69,61.0,1.0,0.0
33.69,61.0,1.0,0.0
26.87,0.0,0.0,0.0
33.69,61.0,1.0,0.0
33.69,61.0,1.0,0.0
26.87,0.0,0.0,0.0
33.69,61.0,1.0,0.0
33.69,61.0,1.0,0.0
26.87,0.0,0.0,0.0
33.69,61.0,1.0,0.0
33.69,61.0,1.0,0.0
26.87,0.0,0.0,0.0
33.69,61.0,1.0,0.0
33.69,61.0,1.0,0.0
26.87,0.0,0.0,0.0
33.69,61.0,1.0,0.0
26.87,0.0,0.0,0.0
26.87,0.0,0.0,0.0
33.69,61.0,1.0,0.0
26.87,0.0,0.0,0.0
26.87,0.0,0.0,0.0
33.69,61.0,1.0,0.0
26.87,0.0,0.0,0.0
26.87,0.0,0.0,0.0
33.69,61.0,1.0,0.0
26.87,0.0,0.0,0.0
26.87,0.0,0.0,0.0
33.69,61.0,1.0,0.0
26.87,0.0,0.0,0.0
26.87,0.0,0.0,0.0
33.69,61.0,1.0,0.0
26.87,0.0,0.0,0.0
26.87,0.0,0.0,0.0
33.69,61.0,1.0,0.0
26.87,0.0,0.0,0.0
26.87,0.0,0.0,0.0
33.69,61.0,1.0,0.0
26.87,0.0,0.0,0.0
26.87,0.0,0.0,0.0
33.69,61.0,1.0,0.0
26.87,0.0,0.0,0.0
33.69,61.0,1.0,0.0
33.69,61.0,1.0,0.0
26.87,0.0,0.0,0.0
33.69,61.0,1.0,0.0
33.69,61.0,1.0,0.0
26.87,0.0,0.0,0.0
33.69,61.0,1.0,0.0
33.69,61.0,1.0,0.0
26.87,0.0,0.0,0.0
33.69,61.0,1.0,0.0
33.69,61.0,1.0,0.0
26.87,0.0,0.0,0.0
33.69,61.0,1.0,0.0
33.69,61.0,1.0,0.0
26.87,0.0,0.0,0.0
33.69,61.0,1.0,0.0
33.69,61.0,1.0,0.0
26.87,0.0,0.0,0.0
33.69,61.0,1.0,0.0
33.69,61.0,1.0,0.0
26.87,0.0,0.0,0.0
33.69,61.0,1.0,0.0
33.69,61.0,1.0,0.0
26.87,0.0,0.0,0.0
33.69,61.0,1.0,0.0
26.87,0.0,0.0,0.0
26.87,0.0,0.0,0.0
33.69,61.0,1.0,0.0
26.87,0.0,0.0,0.0
26.87,0.0,0.0,0.0
33.69,61.0,1.0,0.0
26.87,0.0,0.0,0.0
26.87,0.0,0.0,0.0
33.69,61.0,1.0,0.0
26.87,0.0,0.0,0.0
26.87,0.0,0.0,0.0
33.69,61.0,1.0,0.0
26.87,0.0,0.0,0.0
26.87,0.0,0.0,0.0
33.69,61.0,1.0,0.0
26.87,0.0,0.0,0.0
26.87,0.0,0.0,0.0
33.69,61.0,1.0,0.0
26.87,0.0,0.0,0.0
26.87,0.0,0.0,0.0
33.69,61.0,1.0,0.0
26.87,0.0,0.0,0.0
33.69,61.0,1.0,0.0
33.69,61.0,1.0,0.0
26.87,0.0,0.0,0.0
33.69,61.0,1.0,0.0
33.69,61.0,1.0,0.0
26.87,0.0,0.0,0.0
33.69,61.0,1.0,0.0
33.69,61.0,1.0,0.0
26.87,0.0,0.0,0.0
33.69,61.0,1.0,0.0
33.69,61.0,1.0,0.0
26.87,0.0,0.0,0.0
33.69,61.0,1.0,0.0
33.69,61.0,1.0,0.0
26.87,0.0,0.0,0.0
33.69,61.0,1.0,0.0
33.69,61.0,1.0,0.0
26.87,0.0,0.0,0.0
33.69,61.0,1.0,0.0
33.69,61.0,1.0,0.0
26.87,0.0,0.0,0.0
33.69,61.0,1.0,0.0
33.69,61.0,1.0,0.0
26.87,0.0,0.0,0.0
33.69,61.0,1.0,0.0
26.87,0.0,0.0,0.0
26.87,0.0,0.0,0.0
33.69,61.0,1.0,0.0
26.87,0.0,0.0,0.0
26.87,0.0,0.0,0.0
33.69,61.0,1.0,0.0
26.87,0.0,0.0,0.0
26.87,0.0,0.0,0.0
33.69,61.0,1.0,0.0
26.87,0.0,0.0,0.0
26.87,0.0,0.0,0.0
33.69,61.0,1.0,0.0
26.87,0.0,0.0,0.0
26.87,0.0,0.0,0.0
33.69,61.0,1.0,0.0
26.87,0.0,0.0,0.0
26.87,0.0,0.0,0.0
33.69,61.0,1.0,0.0
26.87,0.0,0.0,0.0
26.87,0.0,0.0,0.0
33.69,61.0,1.0,0.0
26.87,0.0,0.0,0.0
26.87,0.0,0.0,0.0
33.69,61.0,1.0,0.0
26.87,0.0,0.0,0.0
33.69,61.0,1.0,0.0
33.69,61.0,1.0,0.0
26.87,0.0,0.0,0.0
33.69,61.0,1.0,0.0
33.69,61.0,1.0,0.0
26.87,0.0,0.0,0.0
33.69,61.0,1.0,0.0
33.69,61.0,1.0,0.0
26.87,0.0,0.0,0.0
33.69,61.0,1.0,0.0
33.69,61.0,1.0,0.0
26.87,0.0,0.0,0.0
33.69,61.0,1.0,0.0
33.69,61.0,1.0,0.0
26.87,0.0,0.0,0.0
33.69,61.0,1.0,0.0
33.69,61.0,1.0,0.0
26.87,0.0,0.0,0.0
33.69,61.0,1.0,0.0
33.69,61.0,1.0,0.0
26.87,0.0,0.0,0.0
33.69,61.0,1.0,0.0
26.87,0.0,0.0,0.0
26.87,0.0,0.0,0.0
33.69,61.0,1.0,0.0
26.87,0.0,0.0,0.0
26.87,0.0,0.0,0.0
33.69,61.0,1.0,0.0
26.87,0.0,0.0,0.0
26.87,0.0,0.0,0.0
33.69,61.0,1.0,0.0
26.87,0.0,0.0,0.0
26.87,0.0,0.0,0.0
33.69,61.0,1.0,0.0
26.87,0.0,0.0,0.0
26.87,0.0,0.0,0.0
33.69,61.0,1.0,0.0
26.87,0.0,0.0,0.0
26.87,0.0,0.0,0.0
33.69,61.0,1.0,0.0
26.87,0.0,0.0,0.0
26.87,0.0,0.0,0.0
33.69,61.0,1.0,0.0
26.87,0.0,0.0,0.0
26.87,0.0,0.0,0.0
33.69,61.0,1.0,0.0
26.87,0.0,0.0,0.0
33.69,61.0,1.0,0.0
33.69,61.0,1.0,0.0
26.87,0.0,0.0,0.0
33.69,61.0,1.0,0.0
33.69,61.0,1.0,0.0
26.87,0.0,0.0,0.0
33.69,61.0,1.0,0.0
33.69,61.0,1.0,0.0
26.87,0.0,0.0,0.0
33.69,61.0,1.0,0.0
33.69,61.0,1.0,0.0
26.87,0.0,0.0,0.0
33.69,61.0,1.0,0.0
33.69,61.0,1.0,0.0
26.87,0.0,0.0,0.0
33.69,61.0,1.0,0.0
33.69,61.0,1.0,0.0
26.87,0.0,0.0,0.0
33.69,61.0,1.0,0.0
33.69,61.0,1.0,0.0
26.87,0.0,0.0,0.0
33.69,61.0,1.0,0.0
33.69,61.0,1.0,0.0
26.87,0.0,0.0,0.0
33.69,61.0,1.0,0.0
26.87,0.0,0.0,0.0
26.87,0.0,0.0,0.0
33.69,61.0,1.0,0.0
26.87,0.0,0.0,0.0
26.87,0.0,0.0,0.0
33.69,61.0,1.0,0.0
26.87,0.0,0.0,0.0
26.87,0.0,0.0,0.0
33.69,61.0,1.0,0.0
26.87,0.0,0.0,0.0
26.87,0.0,0.0,0.0
33.69,61.0,1.0,0.0
26.87,0.0,0.0,0.0
26.87,0.0,0.0,0.0
33.69,61.0,1.0,0.0
26.87,0.0,0.0,0.0
26.87,0.0,0.0,0.0
33.69,61.0,1.0,0.0
26.87,0.0,0.0,0.0
26.87,0.0,0.0,0.0
33.69,61.0,1.0,0.0
26.87,0.0,0.0,0.0
33.69,61.0,1.0,0.0
33.69,61.0,1.0,0.0
26.87,0.0,0.0,0.0
33.69,61.0,1.0,0.0
33.69,61.0,1.0,0.0
26.87,0.0,0.0,0.0
33.69,61.0,1.0,0.0
33.69,61.0,1.0,0.0
26.87,0.0,0.0,0.0
33.69,61.0,1.0,0.0
33.69,61.0,1.0,0.0
26.87,0.0,0.0,0.0
33.69,61.0,1.0,0.0
33.69,61.0,1.0,0.0
26.87,0.0,0.0,0.0
33.69,61.0,1.0,0.0
33.69,61.0,1.0,0.0
26.87,0.0,0.0,0.0
33.69,61.0,1.0,0.0
33.69,61.0,1.0,0.0
26.87,0.0,0.0,0.0
33.69,61.0,1.0,0.0
33.69,61.0,1.0,0.0
26.87,0.0,0.0,0.0
33.69,61.0,1.0,0.0
26.87,0.0,0.0,0.0
26.87,0.0,0.0,0.0
33.69,61.0,1.0,0.0
26.87,0.0,0.0,0.0
26.87,0.0,0.0,0.0
33.69,61.0,1.0,0.0
26.87,0.0,0.0,0.0
26.87,0.0,0.0,0.0
33.69,61.0,1.0,0.0
26.87,0.0,0.0,0.0
26.87,0.0,0.0,0.0
33.69,61.0,1.0,0.0
26.87,0.0,0.0,0.0
26.87,0.0,0.0,0.0
33.69,61.0,1.0,0.0
26.87,0.0,0.0,0.0
26.87,0.0,0.0,0.0
33.69,61.0,1.0,0.0
26.87,0.0,0.0,0.0
26.87,0.0,0.0,0.0
33.69,61.0,1.0,0.0
26.87,0.0,0.0,0.0
26.87,0.0,0.0,0.0
33.69,61.0,1.0,0.0
26.87,0.0,0.0,0.0
33.69,61.0,1.0,0.0
33.69,61.0,1.0,0.0
26.87,0.0,0.0,0.0
33.69,61.0,1.0,0.0
33.69,61.0,1.0,0.0
26.87,0.0,0.0,0.0
33.69,61.0,1.0,0.0
33.69,61.0,1.0,0.0
26.87,0.0,0.0,0.0
33.69,61.0,1.0,0.0
33.69,61.0,1.0,0.0
26.87,0.0,0.0,0.0
33.69,61.0,1.0,0.0
33.69,61.0,1.0,0.0
26.87,0.0,0.0,0.0
33.69,61.0,1.0,0.0
33.69,61.0,1.0,0.0
26.87,0.0,0.0,0.0
33.69,61.0,1.0,0.0
33.69,61.0,1.0,0.0
26.87,0.0,0.0,0.0
33.69,61.0,1.0,0.0
26.87,0.0,0.0,0.0
26.87,0.0,0.0,0.0
33.69,61.0,1.0,0.0
26.87,0.0,0.0,0.0
26.87,0.0,0.0,0.0
33.69,61.0,1.0,0.0
26.87,0.0,0.0,0.0
26.87,0.0,0.0,0.0
33.69,61.0,1.0,0.0
26.87,0.0,0.0,0.0
26.87,0.0,0.0,0.0
33.69,61.0,1.0,0.0
26.87,0.0,0.0,0.0
26.87,0.0,0.0,0.0
33.69,61.0,1.0,0.0
26.87,0.0,0.0,0.0
26.87,0.0,0.0,0.0
33.69,61.0,1.0,0.0
26.87,0.0,0.0,0.0
26.87,0.0,0.0,0.0
33.69,61.0,1.0,0.0
26.87,0.0,0.0,0.0
26.87,0.0,0.0,0.0
33.69,61.0,1.0,0.0
26.87,0.0,0.0,0.0
33.69,61.0,1.0,0.0
33.69,61.0,1.0,0.0
26.87,0.0,0.0,0.0
33.69,61.0,1.0,0.0
33.69,61.0,1.0,0.0
26.87,0.0,0.0,0.0
33.69,61.0,1.0,0.0
33.69,61.0,1.0,0.0
26.87,0.0,0.0,0.0
33.69,61.0,1.0,0.0
33.69,61.0,1.0,0.0
26.87,0.0,0.0,0.0
33.69,61.0,1.0,0.0
33.69,61.0,1.0,0.0
26.87,0.0,0.0,0.0
33.69,61.0,1.0,0.0
33.69,61.0,1.0,0.0
26.87,0.0,0.0,0.0
33.69,61.0,1.0,0.0
33.69,61.0,1.0,0.0
26.87,0.0,0.0,0.0
33.69,61.0,1.0,0.0
33.69,61.0,1.0,0.0
26.87,0.0,0.0,0.0
33.69,61.0,1.0,0.0
26.87,0.0,0.0,0.0
26.87,0.0,0.0,0.0
33.69,61.0,1.0,0.0
26.87,0.0,0.0,0.0
26.87,0.0,0.0,0.0
33.69,61.0,1.0,0.0
26.87,0.0,0.0,0.0
26.87,0.0,0.0,0.0
33.69,61.0,1.0,0.0
26.87,0.0,0.0,0.0
26.87,0.0,0.0,0.0
33.69,61.0,1.0,0.0
26.87,0.0,0.0,0.0
26.87,0.0,0.0,0.0
33.69,61.0,1.0,0.0
26.87,0.0,0.0,0.0
26.87,0.0,0.0,0.0
33.69,61.0,1.0,0.0
26.87,0.0,0.0,0.0
26.87,0.0,0.0,0.0
33.69,61.0,1.0,0.0
26.87,0.0,0.0,0.0
33.69,61.0,1.0,0.0
33.69,61.0,1.0,0.0
26.87,0.0,0.0,0.0
33.69,61.0,1.0,0.0
33.69,61.0,1.0,0.0
26.87,0.0,0.0,0.0
33.69,61.0,1.0,0.0
33.69,61.0,1.0,0.0
26.87,0.0,0.0,0.0
33.69,61.0,1.0,0.0
33.69,61.0,1.0,0.0
26.87,0.0,0.0,0.0
33.69,61.0,1.0,0.0
33.69,61.0,1.0,0.0
26.87,0.0,0.0,0.0
33.69,61.0,1.0,0.0
33.69,61.0,1.0,0.0
26.87,0.0,0.0,0.0
33.69,61.0,1.0,0.0
33.69,61.0,1.0,0.0
26.87,0.0,0.0,0.0
33.69,61.0,1.0,0.0
33.69,61.0,1.0,0.0
26.87,0.0,0.0,0.0
33.69,61.0,1.0,0.0
26.87,0.0,0.0,0.0
26.87,0.0,0.0,0.0
33.69,61.0,1.0,0.0
26.87,0.0,0.0,0.0
26.87,0.0,0.0,0.0
33.69,61.0,1.0,0.0
26.87,0.0,0.0,0.0
26.87,0.0,0.0,0.0
33.69,61.0,1.0,0.0
26.87,0.0,0.0,0.0
26.87,0.0,0.0,0.0
33.69,61.0,1.0,0.0
26.87,0.0,0.0,0.0
26.87,0.0,0.0,0.0
33.69,61.0,1.0,0.0
26.87,0.0,0.0,0.0
26.87,0.0,0.0,0.0
33.69,61.0,1.0,0.0
26.87,0.0,0.0,0.0
26.87,0.0,0.0,0.0
33.69,61.0,1.0,0.0
26.87,0.0,0.0,0.0
26.87,0.0,0.0,0.0
33.69,61.0,1.0,0.0
26.87,0.0,0.0,0.0
33.69,61.0,1.0,0.0
33.69,61.0,1.0,0.0
26.87,0.0,0.0,0.0
33.69,61.0,1.0,0.0
33.69,61.0,1.0,0.0
26.87,0.0,0.0,0.0
33.69,61.0,1.0,0.0
33.69,61.0,1.0,0.0
26.87,0.0,0.0,0.0
33.69,61.0,1.0,0.0
33.69,61.0,1.0,0.0
26.87,0.0,0.0,0.0
33.69,61.0,1.0,0.0
33.69,61.0,1.0,0.0
26.87,0.0,0.0,0.0
33.69,61.0,1.0,0.0
33.69,61.0,1.0,0.0
26.87,0.0,0.0,0.0
33.69,61.0,1.0,0.0
33.69,61.0,1.0,0.0
26.87,0.0,0.0,0.0
33.69,61.0,1.0,0.0
26.87,0.0,0.0,0.0
26.87,0.0,0.0,0.0
33.69,61.0,1.0,0.0
26.87,0.0,0.0,0.0
26.87,0.0,0.0,0.0
33.69,61.0,1.0,0.0
26.87,0.0,0.0,0.0
26.87,0.0,0.0,0.0
33.69,61.0,1.0,0.0
26.87,0.0,0.0,0.0
26.87,0.0,0.0,0.0
33.69,61.0,1.0,0.0
26.87,0.0,0.0,0.0
26.87,0.0,0.0,0.0
33.69,61.0,1.0,0.0
26.87,0.0,0.0,0.0
26.87,0.0,0.0,0.0
33.69,61.0,1.0,0.0
26.87,0.0,0.0,0.0
26.87,0.0,0.0,0.0
33.69,61.0,1.0,0.0
26.87,0.0,0.0,0.0
26.87,0.0,0.0,0.0
33.69,61.0,1.0,0.0
26.87,0.0,0.0,0.0
33.69,61.0,1.0,0.0
33.69,61.0,1.0,0.0
26.87,0.0,0.0,0.0
33.69,61.0,1.0,0.0
33.69,61.0,1.0,0.0
26.87,0.0,0.0,0.0
33.69,61.0,1.0,0.0
33.69,61.0,1.0,0.0
26.87,0.0,0.0,0.0
33.69,61.0,1.0,0.0
33.69,61.0,1.0,0.0
26.87,0.0,0.0,0.0
33.69,61.0,1.0,0.0
33.69,61.0,1.0,0.0
26.87,0.0,0.0,0.0
33.69,61.0,1.0,0.0
33.69,61.0,1.0,0.0
26.87,0.0,0.0,0.0
33.69,61.0,1.0,0.0
33.69,61.0,1.0,0.0
26.87,0.0,0.0,0.0
33.69,61.0,1.0,0.0
33.69,61.0,1.0,0.0
26.87,0.0,0.0,0.0
33.69,61.0,1.0,0.0
26.87,0.0,0.0,0.0
26.87,0.0,0.0,0.0
33.69,61.0,1.0,0.0
26.87,0.0,0.0,0.0
26.87,0.0,0.0,0.0
33.69,61.0,1.0,0.0
26.87,0.0,0.0,0.0
26.87,0.0,0.0,0.0
33.69,61.0,1.0,0.0
26.87,0.0,0.0,0.0
26.87,0.0,0.0,0.0
33.69,61.0,1.0,0.0
26.87,0.0,0.0,0.0
26.87,0.0,0.0,0.0
33.69,61.0,1.0,0.0
26.87,0.0,0.0,0.0
26.87,0.0,0.0,0.0
33.69,61.0,1.0,0.0
26.87,0.0,0.0,0.0
26.87,0.0,0.0,0.0
33.69,61.0,1.0,0.0
26.87,0.0,0.0,0.0
33.69,61.0,1.0,0.0
33.69,61.0,1.0,0.0
26.87,0.0,0.0,0.0
33.69,61.0,1.0,0.0
33.69,61.0,1.0,0.0
26.87,0.0,0.0,0.0
33.69,61.0,1.0,0.0
33.69,61.0,1.0,0.0
26.87,0.0,0.0,0.0
33.69,61.0,1.0,0.0
33.69,61.0,1.0,0.0
26.87,0.0,0.0,0.0
33.69,61.0,1.0,0.0
33.69,61.0,1.0,0.0
26.87,0.0,0.0,0.0
33.69,61.0,1.0,0.0
33.69,61.0,1.0,0.0
26.87,0.0,0.0,0.0
33.69,61.0,1.0,0.0
33.69,61.0,1.0,0.0
26.87,0.0,0.0,0.0
33.69,61.0,1.0,0.0
33.69,61.0,1.0,0.0
26.87,0.0,0.0,0.0
33.69,61.0,1.0,0.0
26.87,0.0,0.0,0.0
26.87,0.0,0.0,0.0
33.69,61.0,1.0,0.0
26.87,0.0,0.0,0.0
26.87,0.0,0.0,0.0
33.69,61.0,1.0,0.0
26.87,0.0,0.0,0.0
26.87,0.0,0.0,0.0
33.69,61.0,1.0,0.0
26.87,0.0,0.0,0.0
26.87,0.0,0.0,0.0
33.69,61.0,1.0,0.0
26.87,0.0,0.0,0.0
26.87,0.0,0.0,0.0
33.69,61.0,1.0,0.0
26.87,0.0,0.0,0.0
26.87,0.0,0.0,0.0
33.69,61.0,1.0,0.0
26.87,0.0,0.0,0.0
26.87,0.0,0.0,0.0
33.69,61.0,1.0,0.0
26.87,0.0,0.0,0.0
26.87,0.0,0.0,0.0
33.69,61.0,1.0,0.0
26.87,0.0,0.0,0.0
33.69,61.0,1.0,0.0
33.69,61.0,1.0,0.0
26.87,0.0,0.0,0.0
33.69,61.0,1.0,0.0
33.69,61.0,1.0,0.0
26.87,0.0,0.0,0.0
33.69,61.0,1.0,0.0
33.69,61.0,1.0,0.0
26.87,0.0,0.0,0.0
33.69,61.0,1.0,0.0
33.69,61.0,1.0,0.0
26.87,0.0,0.0,0.0
33.69,61.0,1.0,0.0
33.69,61.0,1.0,0.0
26.87,0.0,0.0,0.0
33.69,61.0,1.0,0.0
33.69,61.0,1.0,0.0
26.87,0.0,0.0,0.0
33.69,61.0,1.0,0.0
33.69,61.0,1.0,0.0
26.87,0.0,0.0,0.0
33.69,61.0,1.0,0.0
26.87,0.0,0.0,0.0
26.87,0.0,0.0,0.0
33.69,61.0,1.0,0.0
26.87,0.0,0.0,0.0
26.87,0.0,0.0,0.0
33.69,61.0,1.0,0.0
26.87,0.0,0.0,0.0
26.87,0.0,0.0,0.0
33.69,61.0,1.0,0.0
26.87,0.0,0.0,0.0
26.87,0.0,0.0,0.0
33.69,61.0,1.0,0.0
26.87,0.0,0.0,0.0
26.87,0.0,0.0,0.0
33.69,61.0,1.0,0.0
26.87,0.0,0.0,0.0
26.87,0.0,0.0,0.0
33.69,61.0,1.0,0.0
26.87,0.0,0.0,0.0
26.87,0.0,0.0,0.0
33.69,61.0,1.0,0.0
26.87,0.0,0.0,0.0
26.87,0.0,0.0,0.0
33.69,61.0,1.0,0.0
26.87,0.0,0.0,0.0
33.69,61.0,1.0,0.0
33.69,61.0,1.0,0.0
26.87,0.0,0.0,0.0
33.69,61.0,1.0,0.0
33.69,61.0,1.0,0.0
26.87,0.0,0.0,0.0
33.69,61.0,1.0,0.0
33.69,61.0,1.0,0.0
26.87,0.0,0.0,0.0
33.69,61.0,1.0,0.0
33.69,61.0,1.0,0.0
26.87,0.0,0.0,0.0
33.69,61.0,1.0,0.0
33.69,61.0,1.0,0.0
26.87,0.0,0.0,0.0
33.69,61.0,1.0,0.0
33.69,61.0,1.0,0.0
26.87,0.0,0.0,0.0
33.69,61.0,1.0,0.0
33.69,61.0,1.0,0.0
26.87,0.0,0.0,0.0
33.69,61.0,1.0,0.0
33.69,61.0,1.0,0.0
26.87,0.0,0.0,0.0
33.69,61.0,1.0,0.0
26.87,0.0,0.0,0.0
26.87,0.0,0.0,0.0
33.69,61.0,1.0,0.0
26.87,0.0,0.0,0.0
26.87,0.0,0.0,0.0
33.69,61.0,1.0,0.0
26.87,0.0,0.0,0.0
26.87,0.0,0.0,0.0
33.69,61.0,1.0,0.0
26.87,0.0,0.0,0.0
26.87,0.0,0.0,0.0
33.69,61.0,1.0,0.0
26.87,0.0,0.0,0.0
26.87,0.0,0.0,0.0
33.69,61.0,1.0,0.0
26.87,0.0,0.0,0.0
26.87,0.0,0.0,0.0
33.69,61.0,1.0,0.0
26.87,0.0,0.0,0.0
26.87,0.0,0.0,0.0
33.69,61.0,1.0,0.0
26.87,0.0,0.0,0.0
26.87,0.0,0.0,0.0
33.69,61.0,1.0,0.0
26.87,0.0,0.0,0.0
33.69,61.0,1.0,0.0
33.69,61.0,1.0,0.0
26.87,0.0,0.0,0.0
33.69,61.0,1.0,0.0
33.69,61.0,1.0,0.0
26.87,0.0,0.0,0.0
33.69,61.0,1.0,0.0
33.69,61.0,1.0,0.0
